 Entering Gaussian System, Link 0=/home/apps/gaussian_6_9/g09/g09
 Initial command:
 /home/apps/gaussian_6_9/g09/l1.exe /scratch/Gau-9903.inp -scrdir=/scratch/
 Entering Link 1 = /home/apps/gaussian_6_9/g09/l1.exe PID=      9904.
  
 Copyright (c) 1988,1990,1992,1993,1995,1998,2003,2009, Gaussian, Inc.
                  All Rights Reserved.
  
 This is part of the Gaussian(R) 09 program.  It is based on
 the Gaussian(R) 03 system (copyright 2003, Gaussian, Inc.),
 the Gaussian(R) 98 system (copyright 1998, Gaussian, Inc.),
 the Gaussian(R) 94 system (copyright 1995, Gaussian, Inc.),
 the Gaussian 92(TM) system (copyright 1992, Gaussian, Inc.),
 the Gaussian 90(TM) system (copyright 1990, Gaussian, Inc.),
 the Gaussian 88(TM) system (copyright 1988, Gaussian, Inc.),
 the Gaussian 86(TM) system (copyright 1986, Carnegie Mellon
 University), and the Gaussian 82(TM) system (copyright 1983,
 Carnegie Mellon University). Gaussian is a federally registered
 trademark of Gaussian, Inc.
  
 This software contains proprietary and confidential information,
 including trade secrets, belonging to Gaussian, Inc.
  
 This software is provided under written license and may be
 used, copied, transmitted, or stored only in accord with that
 written license.
  
 The following legend is applicable only to US Government
 contracts under FAR:
  
                    RESTRICTED RIGHTS LEGEND
  
 Use, reproduction and disclosure by the US Government is
 subject to restrictions as set forth in subparagraphs (a)
 and (c) of the Commercial Computer Software - Restricted
 Rights clause in FAR 52.227-19.
  
 Gaussian, Inc.
 340 Quinnipiac St., Bldg. 40, Wallingford CT 06492
  
  
 ---------------------------------------------------------------
 Warning -- This program may not be used in any manner that
 competes with the business of Gaussian, Inc. or will provide
 assistance to any competitor of Gaussian, Inc.  The licensee
 of this program is prohibited from giving any competitor of
 Gaussian, Inc. access to this program.  By using this program,
 the user acknowledges that Gaussian, Inc. is engaged in the
 business of creating and licensing software in the field of
 computational chemistry and represents and warrants to the
 licensee that it is not a competitor of Gaussian, Inc. and that
 it will not use this program in any manner prohibited above.
 ---------------------------------------------------------------
  

 Cite this work as:
 Gaussian 09, Revision A.01,
 M. J. Frisch, G. W. Trucks, H. B. Schlegel, G. E. Scuseria, 
 M. A. Robb, J. R. Cheeseman, G. Scalmani, V. Barone, B. Mennucci, 
 G. A. Petersson, H. Nakatsuji, M. Caricato, X. Li, H. P. Hratchian, 
 A. F. Izmaylov, J. Bloino, G. Zheng, J. L. Sonnenberg, M. Hada, 
 M. Ehara, K. Toyota, R. Fukuda, J. Hasegawa, M. Ishida, T. Nakajima, 
 Y. Honda, O. Kitao, H. Nakai, T. Vreven, J. A. Montgomery, Jr., 
 J. E. Peralta, F. Ogliaro, M. Bearpark, J. J. Heyd, E. Brothers, 
 K. N. Kudin, V. N. Staroverov, R. Kobayashi, J. Normand, 
 K. Raghavachari, A. Rendell, J. C. Burant, S. S. Iyengar, J. Tomasi, 
 M. Cossi, N. Rega, J. M. Millam, M. Klene, J. E. Knox, J. B. Cross, 
 V. Bakken, C. Adamo, J. Jaramillo, R. Gomperts, R. E. Stratmann, 
 O. Yazyev, A. J. Austin, R. Cammi, C. Pomelli, J. W. Ochterski, 
 R. L. Martin, K. Morokuma, V. G. Zakrzewski, G. A. Voth, 
 P. Salvador, J. J. Dannenberg, S. Dapprich, A. D. Daniels, 
 O. Farkas, J. B. Foresman, J. V. Ortiz, J. Cioslowski, 
 and D. J. Fox, Gaussian, Inc., Wallingford CT, 2009.
 
 ******************************************
 Gaussian 09:  EM64L-G09RevA.01  8-May-2009
                29-Mar-2018 
 ******************************************
 %mem=24GB
 %nprocshared=12
 Will use up to   12 processors via shared memory.
 ----------------------------------------------------------------------
 # b3lyp/3-21g nosymm guess=(local,save) pop=(full) geom=connectivity p
 unch=mo iop(3/33=1)
 ----------------------------------------------------------------------
 1/38=1,57=2/1;
 2/12=2,15=1,17=6,18=5,40=1/2;
 3/5=5,11=2,16=1,25=1,30=1,33=1,74=-5/1,2,3;
 4/9=10/1;
 5/5=2,38=5/2;
 6/7=3,28=1/1;
 99/5=1,9=1,10=32/99;
 -------------------
 Title Card Required
 -------------------
 Symbolic Z-matrix:
 Charge =  0 Multiplicity = 2
 C(PDBName=C,ResName=UNL,ResNum=1)  0.35109  -1.23151   0.89722 
 S(PDBName=S,ResName=UNL,ResNum=1)  0.07667  -2.64105   1.91022 
 C(PDBName=C,ResName=UNL,ResNum=1)  1.68887  -0.98021   0.80796 
 H(PDBName=H,ResName=UNL,ResNum=1)  2.12987  -0.17024   0.24313 
 C(PDBName=C,ResName=UNL,ResNum=1)  2.50563  -1.92377   1.54874 
 C(PDBName=C,ResName=UNL,ResNum=1)  1.77436  -2.87959   2.19125 
 H(PDBName=H,ResName=UNL,ResNum=1)  4.41133  -2.37383   2.43916 
 C(PDBName=C,ResName=UNL,ResNum=1)  3.99682  -1.81997   1.57191 
 H(PDBName=H,ResName=UNL,ResNum=1)  4.30317  -3.41421   0.12405 
 H(PDBName=H,ResName=UNL,ResNum=1)  6.55118  -2.79749   1.14103 
 H(PDBName=H,ResName=UNL,ResNum=1)  2.12768  -3.6921    2.79969 
 C(PDBName=C,ResName=UNL,ResNum=1)  4.60672  -2.35863   0.26756 
 C(PDBName=C,ResName=UNL,ResNum=1)  6.13617  -2.24507   0.27591 
 H(PDBName=H,ResName=UNL,ResNum=1)  8.68943  -3.22556  -0.15695 
 H(PDBName=H,ResName=UNL,ResNum=1)  4.2988   -0.76284   1.72568 
 H(PDBName=H,ResName=UNL,ResNum=1)  6.44478  -3.84076  -1.17294 
 C(PDBName=C,ResName=UNL,ResNum=1)  6.74276  -2.7847   -1.02623 
 H(PDBName=H,ResName=UNL,ResNum=1)  4.18818  -1.80693  -0.59684 
 H(PDBName=H,ResName=UNL,ResNum=1)  6.43572  -1.18912   0.42091 
 C(PDBName=C,ResName=UNL,ResNum=1)  8.27387  -2.67265  -1.02207 
 H(PDBName=H,ResName=UNL,ResNum=1)  8.63646  -4.26516  -2.47074 
 H(PDBName=H,ResName=UNL,ResNum=1)  8.57366  -1.61618  -0.87783 
 C(PDBName=C,ResName=UNL,ResNum=1)  8.88263  -3.20847  -2.316 
 H(PDBName=H,ResName=UNL,ResNum=1)  6.32913  -2.23393  -1.89288 
 H(PDBName=H,ResName=UNL,ResNum=1)  9.97505  -3.12464  -2.30417 
 H(PDBName=H,ResName=UNL,ResNum=1)  8.52079  -2.65694  -3.1912 
 
                          Input orientation:                          
 ---------------------------------------------------------------------
 Center     Atomic      Atomic             Coordinates (Angstroms)
 Number     Number       Type             X           Y           Z
 ---------------------------------------------------------------------
      1          6           0        0.351087   -1.231510    0.897221
      2         16           0        0.076671   -2.641048    1.910217
      3          6           0        1.688866   -0.980206    0.807960
      4          1           0        2.129873   -0.170239    0.243134
      5          6           0        2.505629   -1.923765    1.548739
      6          6           0        1.774360   -2.879593    2.191252
      7          1           0        4.411330   -2.373833    2.439157
      8          6           0        3.996822   -1.819967    1.571913
      9          1           0        4.303170   -3.414210    0.124052
     10          1           0        6.551175   -2.797486    1.141030
     11          1           0        2.127682   -3.692097    2.799686
     12          6           0        4.606725   -2.358627    0.267556
     13          6           0        6.136174   -2.245070    0.275906
     14          1           0        8.689434   -3.225564   -0.156954
     15          1           0        4.298796   -0.762840    1.725679
     16          1           0        6.444780   -3.840761   -1.172943
     17          6           0        6.742759   -2.784698   -1.026227
     18          1           0        4.188178   -1.806934   -0.596844
     19          1           0        6.435716   -1.189117    0.420912
     20          6           0        8.273872   -2.672647   -1.022065
     21          1           0        8.636463   -4.265163   -2.470744
     22          1           0        8.573662   -1.616182   -0.877829
     23          6           0        8.882626   -3.208474   -2.316003
     24          1           0        6.329128   -2.233930   -1.892875
     25          1           0        9.975053   -3.124636   -2.304165
     26          1           0        8.520788   -2.656938   -3.191203
 ---------------------------------------------------------------------
                    Distance matrix (angstroms):
                    1          2          3          4          5
     1  C    0.000000
     2  S    1.757345   0.000000
     3  C    1.364102   2.563696   0.000000
     4  H    2.172143   3.619351   1.081463   0.000000
     5  C    2.354940   2.558319   1.451261   2.218254   0.000000
     6  C    2.533061   1.737248   2.351271   3.355913   1.364252
     7  H    4.490884   4.374980   3.466239   3.857900   2.151070
     8  C    3.754048   4.019479   2.572058   2.823607   1.494981
     9  H    4.580494   4.653113   3.636852   3.906501   2.735382
    10  H    6.399439   6.521911   5.201489   5.220781   4.158853
    11  H    3.581920   2.470325   3.393212   4.351947   2.198797
    12  C    4.447171   4.826954   3.272000   3.305213   2.499028
    13  C    5.905977   6.288509   4.654193   4.511812   3.860596
    14  H    8.638030   8.876629   7.414893   7.247270   6.545496
    15  H    4.060837   4.624723   2.775102   2.693203   2.143479
    16  H    6.944556   7.176211   5.892832   5.839215   5.157455
    17  C    6.853139   7.285607   5.671179   5.452100   5.032388
    18  H    4.157717   4.887289   2.983876   2.760607   2.729129
    19  H    6.103391   6.690559   4.767183   4.428318   4.154189
    20  C    8.278349   8.705939   7.040998   6.753629   6.359441
    21  H    9.444241   9.751954   8.355235   8.152868   7.695811
    22  H    8.420779   9.001245   7.116654   6.698487   6.542466
    23  C    9.328470   9.784056   8.153190   7.834522   7.566558
    24  H    6.672815   7.329562   5.513471   5.143452   5.153645
    25  H   10.317632  10.769069   9.107403   8.761509   8.489950
    26  H    9.246138   9.865488   8.091965   7.669559   7.693291
                    6          7          8          9         10
     6  C    0.000000
     7  H    2.696453   0.000000
     8  C    2.538843   1.109368   0.000000
     9  H    3.309684   2.540432   2.175261   0.000000
    10  H    4.891592   2.538415   2.768740   2.543250   0.000000
    11  H    1.074798   2.661362   2.916502   3.459622   4.808197
    12  C    3.463279   2.180427   1.537362   1.107698   2.176336
    13  C    4.805891   2.769715   2.537159   2.179415   1.107172
    14  H    7.311089   5.076161   5.194737   4.399303   2.537748
    15  H    3.327188   1.765507   1.110113   3.097578   3.091086
    16  H    5.835621   4.397052   4.196468   2.539810   2.540514
    17  C    5.919980   4.196815   3.901437   2.769661   2.175746
    18  H    3.840650   3.096526   2.177222   1.765290   3.095990
    19  H    5.264984   3.094350   2.769653   3.096275   1.765999
    20  C    7.253405   5.195053   5.074342   4.198806   2.768077
    21  H    8.410854   6.748037   6.621807   5.121964   4.421246
    22  H    7.566107   5.376006   5.195212   4.740651   3.092204
    23  C    8.423239   6.580324   6.396477   5.193035   4.189947
    24  H    6.151657   4.739623   4.197115   3.092824   3.093781
    25  H    9.355222   7.349682   7.243300   6.176597   4.868196
    26  H    8.633347   6.976299   6.622240   5.417811   4.761026
                   11         12         13         14         15
    11  H    0.000000
    12  C    3.786222   0.000000
    13  C    4.952914   1.533682   0.000000
    14  H    7.212209   4.195271   2.769092   0.000000
    15  H    3.801023   2.183456   2.770344   5.374665   0.000000
    16  H    5.868664   2.765900   2.177299   2.539522   4.741398
    17  C    6.062996   2.533387   1.534501   2.177049   4.199268
    18  H    4.397260   1.107580   2.179070   4.739970   2.548820
    19  H    5.521108   2.176346   1.107154   3.091972   2.539794
    20  C    7.308947   3.899961   2.537184   1.107622   5.196026
    21  H    8.394645   5.231821   4.228038   2.537163   6.977936
    22  H    7.706114   4.195202   2.769107   1.767251   5.077492
    23  C    8.487251   5.067578   3.897324   2.167743   6.582387
    24  H    6.465178   2.765806   2.177376   3.093187   4.402305
    25  H    9.378301   6.001622   4.708226   2.504699   7.351028
    26  H    8.822364   5.231815   4.228104   3.091673   6.751930
                   16         17         18         19         20
    16  H    0.000000
    17  C    1.107062   0.000000
    18  H    3.092021   2.768804   0.000000
    19  H    3.093812   2.175860   2.543413   0.000000
    20  C    2.175507   1.535213   4.197996   2.768007   0.000000
    21  H    2.582224   2.804375   5.416792   4.760989   2.183174
    22  H    3.093216   2.177075   4.398614   2.537701   1.107608
    23  C    2.765767   2.534194   5.192077   4.189973   1.527078
    24  H    1.764535   1.107030   2.538836   2.540985   2.175503
    25  H    3.775623   3.492336   6.175695   4.868181   2.177634
    26  H    3.128038   2.804431   5.121007   4.421470   2.183203
                   21         22         23         24         25
    21  H    0.000000
    22  H    3.091670   0.000000
    23  C    1.095962   2.167763   0.000000
    24  H    3.127880   2.539658   2.765705   0.000000
    25  H    1.766458   2.504748   1.095703   3.775617   0.000000
    26  H    1.766021   2.537256   1.095944   2.582240   1.766484
                   26
    26  H    0.000000
 Symmetry turned off by external request.
 Stoichiometry    C10H15S(2)
 Framework group  C1[X(C10H15S)]
 Deg. of freedom    72
 Full point group                 C1      NOp   1
 Rotational constants (GHZ):      3.5961868      0.2605658      0.2584547
 Standard basis: 3-21G (6D, 7F)
                         Coordinates in L301:                         
 ---------------------------------------------------------------------
 Center     Atomic      Atomic             Coordinates (Angstroms)
 Number     Number       Type             X           Y           Z
 ---------------------------------------------------------------------
      1          6           0        0.351087   -1.231510    0.897221
      2         16           0        0.076671   -2.641048    1.910217
      3          6           0        1.688866   -0.980206    0.807960
      4          1           0        2.129873   -0.170239    0.243134
      5          6           0        2.505629   -1.923765    1.548739
      6          6           0        1.774360   -2.879593    2.191252
      7          1           0        4.411330   -2.373833    2.439157
      8          6           0        3.996822   -1.819967    1.571913
      9          1           0        4.303170   -3.414210    0.124052
     10          1           0        6.551175   -2.797486    1.141030
     11          1           0        2.127682   -3.692097    2.799686
     12          6           0        4.606725   -2.358627    0.267556
     13          6           0        6.136174   -2.245070    0.275906
     14          1           0        8.689434   -3.225564   -0.156954
     15          1           0        4.298796   -0.762840    1.725679
     16          1           0        6.444780   -3.840761   -1.172943
     17          6           0        6.742759   -2.784698   -1.026227
     18          1           0        4.188178   -1.806934   -0.596844
     19          1           0        6.435716   -1.189117    0.420912
     20          6           0        8.273872   -2.672647   -1.022065
     21          1           0        8.636463   -4.265163   -2.470744
     22          1           0        8.573662   -1.616182   -0.877829
     23          6           0        8.882626   -3.208474   -2.316003
     24          1           0        6.329128   -2.233930   -1.892875
     25          1           0        9.975053   -3.124636   -2.304165
     26          1           0        8.520788   -2.656938   -3.191203
 ---------------------------------------------------------------------
 FixB: optimizing general contractions.
 Ernie: Thresh=  0.10000D-02 Tol=  0.10000D-05 Strict=F.
 IA=     1 NL=   1 NS=   0.
 IA=     1 L=0 SC=0 ISt=    0 NBk=    0 NP=    0 IndPr=    0.
 IA=     1 NL=   2 NS=   1.
 IA=     1 L=1 SC=0 ISt=    0 NBk=    0 NP=    0 IndPr=    0.
 IA=     2 NL=   1 NS=   0.
 IA=     2 L=0 SC=0 ISt=    0 NBk=    0 NP=    0 IndPr=    0.
 IA=     2 NL=   3 NS=   1.
 IA=     2 L=1 SC=0 ISt=    1 NBk=    2 NP=    5 IndPr=    0.
 DoElim:  L=1 select primitive    1 from    2 using    1
 DoElim:  L=1 select primitive    5 from    1 using    2
 DoElim:  L=1 select primitive    1 from    2 using    1
 DoElim:  L=1 select primitive    5 from    1 using    2
 Delete L=1 primitive    3 from    2 C=  0.00D+00.
 Delete L=1 primitive    2 from    2 C=  0.00D+00.
 Delete L=1 primitive    1 from    2 C=  0.00D+00.
 Delete L=1 primitive    5 from    1 C=  0.00D+00.
 Delete L=1 primitive    4 from    1 C=  0.00D+00.
 IA=     2 L=1 SC=0 ISt=    0 NBk=    0 NP=    0 IndPr=    5.
 IA=     3 NL=   1 NS=   0.
 IA=     3 L=0 SC=0 ISt=    0 NBk=    0 NP=    0 IndPr=    0.
 IA=     3 NL=   2 NS=   1.
 IA=     3 L=1 SC=0 ISt=    0 NBk=    0 NP=    0 IndPr=    0.
 IA=     4 NL=   2 NS=   1.
 IA=     4 L=0 SC=0 ISt=    0 NBk=    0 NP=    0 IndPr=    0.
 IA=     5 NL=   1 NS=   0.
 IA=     5 L=0 SC=0 ISt=    0 NBk=    0 NP=    0 IndPr=    0.
 IA=     5 NL=   2 NS=   1.
 IA=     5 L=1 SC=0 ISt=    0 NBk=    0 NP=    0 IndPr=    0.
 IA=     6 NL=   1 NS=   0.
 IA=     6 L=0 SC=0 ISt=    0 NBk=    0 NP=    0 IndPr=    0.
 IA=     6 NL=   2 NS=   1.
 IA=     6 L=1 SC=0 ISt=    0 NBk=    0 NP=    0 IndPr=    0.
 IA=     7 NL=   2 NS=   1.
 IA=     7 L=0 SC=0 ISt=    0 NBk=    0 NP=    0 IndPr=    0.
 IA=     8 NL=   1 NS=   0.
 IA=     8 L=0 SC=0 ISt=    0 NBk=    0 NP=    0 IndPr=    0.
 IA=     8 NL=   2 NS=   1.
 IA=     8 L=1 SC=0 ISt=    0 NBk=    0 NP=    0 IndPr=    0.
 IA=     9 NL=   2 NS=   1.
 IA=     9 L=0 SC=0 ISt=    0 NBk=    0 NP=    0 IndPr=    0.
 IA=    10 NL=   2 NS=   1.
 IA=    10 L=0 SC=0 ISt=    0 NBk=    0 NP=    0 IndPr=    0.
 IA=    11 NL=   2 NS=   1.
 IA=    11 L=0 SC=0 ISt=    0 NBk=    0 NP=    0 IndPr=    0.
 IA=    12 NL=   1 NS=   0.
 IA=    12 L=0 SC=0 ISt=    0 NBk=    0 NP=    0 IndPr=    0.
 IA=    12 NL=   2 NS=   1.
 IA=    12 L=1 SC=0 ISt=    0 NBk=    0 NP=    0 IndPr=    0.
 IA=    13 NL=   1 NS=   0.
 IA=    13 L=0 SC=0 ISt=    0 NBk=    0 NP=    0 IndPr=    0.
 IA=    13 NL=   2 NS=   1.
 IA=    13 L=1 SC=0 ISt=    0 NBk=    0 NP=    0 IndPr=    0.
 IA=    14 NL=   2 NS=   1.
 IA=    14 L=0 SC=0 ISt=    0 NBk=    0 NP=    0 IndPr=    0.
 IA=    15 NL=   2 NS=   1.
 IA=    15 L=0 SC=0 ISt=    0 NBk=    0 NP=    0 IndPr=    0.
 IA=    16 NL=   2 NS=   1.
 IA=    16 L=0 SC=0 ISt=    0 NBk=    0 NP=    0 IndPr=    0.
 IA=    17 NL=   1 NS=   0.
 IA=    17 L=0 SC=0 ISt=    0 NBk=    0 NP=    0 IndPr=    0.
 IA=    17 NL=   2 NS=   1.
 IA=    17 L=1 SC=0 ISt=    0 NBk=    0 NP=    0 IndPr=    0.
 IA=    18 NL=   2 NS=   1.
 IA=    18 L=0 SC=0 ISt=    0 NBk=    0 NP=    0 IndPr=    0.
 IA=    19 NL=   2 NS=   1.
 IA=    19 L=0 SC=0 ISt=    0 NBk=    0 NP=    0 IndPr=    0.
 IA=    20 NL=   1 NS=   0.
 IA=    20 L=0 SC=0 ISt=    0 NBk=    0 NP=    0 IndPr=    0.
 IA=    20 NL=   2 NS=   1.
 IA=    20 L=1 SC=0 ISt=    0 NBk=    0 NP=    0 IndPr=    0.
 IA=    21 NL=   2 NS=   1.
 IA=    21 L=0 SC=0 ISt=    0 NBk=    0 NP=    0 IndPr=    0.
 IA=    22 NL=   2 NS=   1.
 IA=    22 L=0 SC=0 ISt=    0 NBk=    0 NP=    0 IndPr=    0.
 IA=    23 NL=   1 NS=   0.
 IA=    23 L=0 SC=0 ISt=    0 NBk=    0 NP=    0 IndPr=    0.
 IA=    23 NL=   2 NS=   1.
 IA=    23 L=1 SC=0 ISt=    0 NBk=    0 NP=    0 IndPr=    0.
 IA=    24 NL=   2 NS=   1.
 IA=    24 L=0 SC=0 ISt=    0 NBk=    0 NP=    0 IndPr=    0.
 IA=    25 NL=   2 NS=   1.
 IA=    25 L=0 SC=0 ISt=    0 NBk=    0 NP=    0 IndPr=    0.
 IA=    26 NL=   2 NS=   1.
 IA=    26 L=0 SC=0 ISt=    0 NBk=    0 NP=    0 IndPr=    0.
 LdAtmC:  AtmChg=     6.000000    16.000000     6.000000     1.000000     6.000000
 LdAtmC:  AtmChg=     6.000000     1.000000     6.000000     1.000000     1.000000
 LdAtmC:  AtmChg=     1.000000     6.000000     6.000000     1.000000     1.000000
 LdAtmC:  AtmChg=     1.000000     6.000000     1.000000     1.000000     6.000000
 LdAtmC:  AtmChg=     1.000000     1.000000     6.000000     1.000000     1.000000
 LdAtmC:  AtmChg=     1.000000
 AtZEff=     -3.6000000    -13.6000000     -3.6000000     -1.0000000     -3.6000000
 AtZEff=     -3.6000000     -1.0000000     -3.6000000     -1.0000000     -1.0000000
 AtZEff=     -1.0000000     -3.6000000     -3.6000000     -1.0000000     -1.0000000
 AtZEff=     -1.0000000     -3.6000000     -1.0000000     -1.0000000     -3.6000000
 AtZEff=     -1.0000000     -1.0000000     -3.6000000     -1.0000000     -1.0000000
 AtZEff=     -1.0000000
 Integral buffers will be    131072 words long.
 Raffenetti 2 integral format.
 Two-electron integral symmetry is turned off.
   133 basis functions,   222 primitive gaussians,   133 cartesian basis functions
    46 alpha electrons       45 beta electrons
       nuclear repulsion energy       631.7098725473 Hartrees.



 Warning!  S  atom    2 may be hypervalent but has no d functions.



 NAtoms=   26 NActive=   26 NUniq=   26 SFac= 7.50D-01 NAtFMM=   80 NAOKFM=F Big=F
 NPDir=0 NMtPBC=     1 NCelOv=     1 NCel=       1 NClECP=     1 NCelD=      1
         NCelK=      1 NCelE2=     1 NClLst=     1 CellRange=     0.0.
 One-electron integrals computed using PRISM.
 Entering OneElI...
 Calculate overlap and kinetic energy integrals
    NBasis = 133  MinDer = 0  MaxDer = 0
 Requested accuracy = 0.1000D-12
 PrsmSu:  NPrtUS=  12 ThrOK=T IAlg=1
 PRISM was handed   268372797 working-precision words and  1814 shell-pairs
 PRISM was handed   268372797 working-precision words and  1814 shell-pairs
 PRISM was handed   268372797 working-precision words and  1814 shell-pairs
 PRISM was handed   268372797 working-precision words and  1814 shell-pairs
 PRISM was handed   268372797 working-precision words and  1814 shell-pairs
 PRISM was handed   268372797 working-precision words and  1814 shell-pairs
 PRISM was handed   268372797 working-precision words and  1814 shell-pairs
 PRISM was handed   268372797 working-precision words and  1814 shell-pairs
 PRISM was handed   268372797 working-precision words and  1814 shell-pairs
 PRISM was handed   268372797 working-precision words and  1814 shell-pairs
 PRISM was handed   268372797 working-precision words and  1814 shell-pairs
 PRISM was handed   268372797 working-precision words and  1814 shell-pairs
 IPart=  3 NShTot=         155 NBatch=          16 AvBLen=         9.7
 IPart=  7 NShTot=         149 NBatch=          16 AvBLen=         9.3
 IPart=  6 NShTot=         149 NBatch=          16 AvBLen=         9.3
 IPart=  5 NShTot=         150 NBatch=          16 AvBLen=         9.4
 IPart=  2 NShTot=         157 NBatch=          17 AvBLen=         9.2
 IPart=  0 NShTot=         161 NBatch=          20 AvBLen=         8.1
 IPart=  1 NShTot=         158 NBatch=          18 AvBLen=         8.8
 IPart= 10 NShTot=         145 NBatch=          15 AvBLen=         9.7
 IPart=  4 NShTot=         153 NBatch=          16 AvBLen=         9.6
 IPart= 11 NShTot=         142 NBatch=          14 AvBLen=        10.1
 IPart=  8 NShTot=         148 NBatch=          16 AvBLen=         9.3
 IPart=  9 NShTot=         147 NBatch=          15 AvBLen=         9.8
 *** Overlap *** 
                1             2             3             4             5 
      1  0.100000D+01
      2  0.191447D+00  0.100000D+01
      3  0.000000D+00  0.000000D+00  0.100000D+01
      4  0.000000D+00  0.000000D+00  0.000000D+00  0.100000D+01
      5  0.000000D+00  0.000000D+00  0.000000D+00  0.000000D+00  0.100000D+01
      6  0.180314D+00  0.761357D+00  0.000000D+00  0.000000D+00  0.000000D+00
      7  0.000000D+00  0.000000D+00  0.528959D+00  0.000000D+00  0.000000D+00
      8  0.000000D+00  0.000000D+00  0.000000D+00  0.528959D+00  0.000000D+00
      9  0.000000D+00  0.000000D+00  0.000000D+00  0.000000D+00  0.528959D+00
     10  0.000000D+00  0.329453D-04 -0.208722D-04 -0.107210D-03  0.770488D-04
     11  0.000000D+00  0.853554D-03 -0.446020D-03 -0.229098D-02  0.164647D-02
     12  0.000000D+00  0.200343D-03  0.205758D-03 -0.543325D-03  0.390472D-03
     13  0.000000D+00  0.102906D-02 -0.543325D-03 -0.247925D-02  0.200566D-02
     14  0.000000D+00 -0.739560D-03  0.390472D-03  0.200566D-02 -0.112988D-02
     15  0.358601D-02  0.553842D-01 -0.140237D-01 -0.720328D-01  0.517680D-01
     16  0.166234D-02  0.179593D-01  0.257037D-01 -0.248220D-01  0.178389D-01
     17  0.853863D-02  0.922478D-01 -0.248220D-01 -0.969620D-01  0.916294D-01
     18 -0.613648D-02 -0.662959D-01  0.178389D-01  0.916294D-01 -0.353154D-01
     19  0.309763D-01  0.179365D+00 -0.209717D-01 -0.107721D+00  0.774164D-01
     20  0.118484D-01  0.582840D-01  0.100251D+00 -0.357877D-01  0.257196D-01
     21  0.608594D-01  0.299376D+00 -0.357877D-01 -0.766048D-01  0.132109D+00
     22 -0.437379D-01 -0.215153D+00  0.257196D-01  0.132109D+00  0.122758D-01
     23  0.000000D+00  0.565461D-02  0.157738D-01  0.296313D-02 -0.105248D-02
     24  0.565461D-02  0.105030D+00  0.172133D+00  0.323355D-01 -0.114853D-01
     25 -0.157738D-01 -0.172133D+00 -0.245802D+00 -0.574846D-01  0.204180D-01
     26 -0.296313D-02 -0.323355D-01 -0.574846D-01  0.494102D-01  0.383556D-02
     27  0.105248D-02  0.114853D-01  0.204180D-01  0.383556D-02  0.588464D-01
     28  0.510394D-01  0.277042D+00  0.207511D+00  0.389812D-01 -0.138458D-01
     29 -0.110745D+00 -0.482899D+00 -0.188084D+00 -0.701738D-01  0.249251D-01
     30 -0.208037D-01 -0.907134D-01 -0.701738D-01  0.172294D+00  0.468223D-02
     31  0.738930D-02  0.322206D-01  0.249251D-01  0.468223D-02  0.183813D+00
     32  0.205513D-05  0.133594D-02  0.289683D-02  0.172833D-02 -0.106521D-02
     33  0.857300D-02  0.644146D-01  0.584807D-01  0.348911D-01 -0.215043D-01
     34  0.000000D+00  0.000000D+00  0.321265D-05 -0.103222D-05  0.000000D+00
     35  0.000000D+00  0.715795D-03  0.181348D-02 -0.582671D-03  0.548383D-03
     36 -0.321265D-05 -0.181348D-02 -0.424862D-02  0.148087D-02 -0.139373D-02
     37  0.103222D-05  0.582671D-03  0.148087D-02 -0.115420D-03  0.447805D-03
     38  0.000000D+00 -0.548383D-03 -0.139373D-02  0.447805D-03 -0.610684D-04
     39  0.419397D-02  0.368762D-01  0.421532D-01 -0.135438D-01  0.127468D-01
     40 -0.146526D-01 -0.104373D+00 -0.984776D-01  0.391574D-01 -0.368532D-01
     41  0.470789D-02  0.335350D-01  0.391574D-01  0.108129D-01  0.118409D-01
     42 -0.443085D-02 -0.315616D-01 -0.368532D-01  0.118409D-01  0.122500D-01
     43  0.000000D+00  0.000000D+00  0.000000D+00  0.000000D+00  0.000000D+00
     44  0.000000D+00  0.216399D-03  0.361882D-03 -0.419043D-03  0.329021D-03
     45  0.000000D+00 -0.361882D-03 -0.497384D-03  0.701776D-03 -0.551016D-03
     46  0.000000D+00  0.419043D-03  0.701776D-03 -0.703959D-03  0.638051D-03
     47  0.000000D+00 -0.329021D-03 -0.551016D-03  0.638051D-03 -0.392315D-03
     48  0.232402D-02  0.228499D-01  0.170864D-01 -0.197852D-01  0.155348D-01
     49 -0.536341D-02 -0.427842D-01 -0.182610D-01  0.377674D-01 -0.296540D-01
     50  0.621057D-02  0.495421D-01  0.377674D-01 -0.293782D-01  0.343379D-01
     51 -0.487637D-02 -0.388992D-01 -0.296540D-01  0.343379D-01 -0.126065D-01
     52  0.000000D+00  0.000000D+00  0.000000D+00  0.000000D+00  0.000000D+00
     53  0.000000D+00  0.195776D-04  0.368793D-04 -0.103757D-04  0.140054D-04
     54  0.000000D+00  0.000000D+00  0.000000D+00  0.000000D+00  0.000000D+00
     55  0.000000D+00  0.000000D+00  0.000000D+00  0.000000D+00  0.000000D+00
     56  0.000000D+00  0.000000D+00  0.000000D+00  0.000000D+00  0.000000D+00
     57  0.000000D+00  0.000000D+00  0.000000D+00  0.000000D+00  0.000000D+00
     58  0.000000D+00  0.000000D+00  0.000000D+00  0.000000D+00  0.000000D+00
     59  0.127730D-04  0.328544D-03  0.595264D-03 -0.960814D-04  0.110162D-03
     60 -0.754740D-04 -0.158820D-02 -0.270636D-02  0.468345D-03 -0.536979D-03
     61  0.121822D-04  0.256351D-03  0.468345D-03  0.119639D-03  0.866736D-04
     62 -0.139675D-04 -0.293918D-03 -0.536979D-03  0.866736D-04  0.958592D-04
     63  0.000000D+00  0.000000D+00  0.000000D+00  0.000000D+00  0.000000D+00
     64  0.000000D+00  0.127585D-04  0.233446D-04 -0.128930D-04 -0.456705D-05
     65  0.000000D+00  0.000000D+00  0.000000D+00  0.000000D+00  0.000000D+00
     66  0.000000D+00  0.000000D+00  0.000000D+00  0.000000D+00  0.000000D+00
     67  0.000000D+00  0.000000D+00  0.000000D+00  0.000000D+00  0.000000D+00
     68  0.495078D-04  0.927868D-03  0.786895D-03 -0.108985D-02  0.842645D-03
     69  0.000000D+00  0.000000D+00  0.000000D+00  0.000000D+00  0.000000D+00
     70  0.000000D+00  0.000000D+00  0.000000D+00  0.000000D+00  0.000000D+00
     71  0.000000D+00  0.000000D+00  0.000000D+00  0.000000D+00  0.000000D+00
     72  0.000000D+00  0.000000D+00  0.000000D+00  0.000000D+00  0.000000D+00
     73  0.000000D+00  0.000000D+00  0.000000D+00  0.000000D+00  0.000000D+00
     74  0.000000D+00  0.139888D-04  0.290081D-04 -0.768286D-05 -0.429204D-05
     75 -0.187054D-05 -0.791462D-04 -0.156715D-03  0.436650D-04  0.243935D-04
     76  0.000000D+00  0.209621D-04  0.436650D-04 -0.341427D-05 -0.646068D-05
     77  0.000000D+00  0.117105D-04  0.243935D-04 -0.646068D-05  0.454126D-05
     78  0.000000D+00  0.000000D+00  0.000000D+00  0.000000D+00  0.000000D+00
     79  0.000000D+00  0.000000D+00  0.000000D+00  0.000000D+00  0.000000D+00
     80  0.000000D+00  0.000000D+00  0.000000D+00  0.000000D+00  0.000000D+00
     81  0.000000D+00  0.000000D+00  0.000000D+00  0.000000D+00  0.000000D+00
     82  0.000000D+00  0.000000D+00  0.000000D+00  0.000000D+00  0.000000D+00
     83  0.000000D+00  0.000000D+00  0.000000D+00  0.000000D+00  0.000000D+00
     84  0.000000D+00  0.000000D+00  0.000000D+00  0.000000D+00  0.000000D+00
     85  0.000000D+00  0.000000D+00  0.000000D+00  0.000000D+00  0.000000D+00
     86  0.000000D+00  0.000000D+00  0.000000D+00  0.000000D+00  0.000000D+00
     87  0.000000D+00  0.000000D+00  0.000000D+00  0.000000D+00  0.000000D+00
     88  0.000000D+00  0.000000D+00  0.000000D+00  0.000000D+00  0.000000D+00
     89  0.000000D+00  0.000000D+00  0.000000D+00  0.000000D+00  0.000000D+00
     90  0.484089D-05  0.135634D-03  0.251366D-03  0.298420D-04  0.527510D-04
     91  0.000000D+00  0.000000D+00  0.000000D+00  0.000000D+00  0.000000D+00
     92  0.000000D+00  0.000000D+00  0.000000D+00  0.000000D+00  0.000000D+00
     93  0.000000D+00  0.000000D+00  0.000000D+00  0.000000D+00  0.000000D+00
     94  0.000000D+00  0.000000D+00  0.000000D+00  0.000000D+00  0.000000D+00
     95  0.000000D+00  0.000000D+00  0.000000D+00  0.000000D+00  0.000000D+00
     96  0.000000D+00  0.000000D+00  0.000000D+00  0.000000D+00  0.000000D+00
     97  0.000000D+00  0.000000D+00  0.000000D+00  0.000000D+00  0.000000D+00
     98  0.000000D+00  0.000000D+00  0.000000D+00  0.000000D+00  0.000000D+00
     99  0.000000D+00  0.000000D+00  0.000000D+00  0.000000D+00  0.000000D+00
    100  0.000000D+00  0.000000D+00  0.000000D+00  0.000000D+00  0.000000D+00
    101  0.000000D+00  0.000000D+00  0.000000D+00  0.000000D+00  0.000000D+00
    102  0.000000D+00  0.000000D+00  0.000000D+00  0.000000D+00  0.000000D+00
    103  0.291943D-05  0.892252D-04  0.160256D-03 -0.240326D-04 -0.623997D-04
    104  0.000000D+00  0.000000D+00  0.000000D+00  0.000000D+00  0.000000D+00
    105  0.000000D+00  0.000000D+00  0.000000D+00  0.000000D+00  0.000000D+00
    106  0.000000D+00  0.000000D+00  0.000000D+00  0.000000D+00  0.000000D+00
    107  0.000000D+00  0.000000D+00  0.000000D+00  0.000000D+00  0.000000D+00
    108  0.000000D+00  0.000000D+00  0.000000D+00  0.000000D+00  0.000000D+00
    109  0.000000D+00  0.000000D+00  0.000000D+00  0.000000D+00  0.000000D+00
    110  0.000000D+00  0.000000D+00  0.000000D+00  0.000000D+00  0.000000D+00
    111  0.000000D+00  0.000000D+00  0.000000D+00  0.000000D+00  0.000000D+00
    112  0.000000D+00  0.000000D+00  0.000000D+00  0.000000D+00  0.000000D+00
    113  0.000000D+00  0.000000D+00  0.000000D+00  0.000000D+00  0.000000D+00
    114  0.000000D+00  0.000000D+00  0.000000D+00  0.000000D+00  0.000000D+00
    115  0.000000D+00  0.000000D+00  0.000000D+00  0.000000D+00  0.000000D+00
    116  0.000000D+00  0.000000D+00  0.000000D+00  0.000000D+00  0.000000D+00
    117  0.000000D+00  0.000000D+00  0.000000D+00  0.000000D+00  0.000000D+00
    118  0.000000D+00  0.000000D+00  0.000000D+00  0.000000D+00  0.000000D+00
    119  0.000000D+00  0.000000D+00  0.000000D+00  0.000000D+00  0.000000D+00
    120  0.000000D+00  0.000000D+00  0.000000D+00  0.000000D+00  0.000000D+00
    121  0.000000D+00  0.000000D+00  0.000000D+00  0.000000D+00  0.000000D+00
    122  0.000000D+00  0.000000D+00  0.000000D+00  0.000000D+00  0.000000D+00
    123  0.000000D+00  0.000000D+00  0.000000D+00  0.000000D+00  0.000000D+00
    124  0.000000D+00  0.000000D+00  0.000000D+00  0.000000D+00  0.000000D+00
    125  0.000000D+00  0.000000D+00  0.000000D+00  0.000000D+00  0.000000D+00
    126  0.000000D+00  0.000000D+00  0.000000D+00  0.000000D+00  0.000000D+00
    127  0.000000D+00  0.000000D+00  0.000000D+00  0.000000D+00  0.000000D+00
    128  0.000000D+00  0.000000D+00  0.000000D+00  0.000000D+00  0.000000D+00
    129  0.000000D+00  0.000000D+00  0.000000D+00  0.000000D+00  0.000000D+00
    130  0.000000D+00  0.000000D+00  0.000000D+00  0.000000D+00  0.000000D+00
    131  0.000000D+00  0.000000D+00  0.000000D+00  0.000000D+00  0.000000D+00
    132  0.000000D+00  0.000000D+00  0.000000D+00  0.000000D+00  0.000000D+00
    133  0.000000D+00  0.000000D+00  0.000000D+00  0.000000D+00  0.000000D+00
                6             7             8             9            10 
      6  0.100000D+01
      7  0.000000D+00  0.100000D+01
      8  0.000000D+00  0.000000D+00  0.100000D+01
      9  0.000000D+00  0.000000D+00  0.000000D+00  0.100000D+01
     10  0.489294D-02 -0.223617D-02 -0.114861D-01  0.825473D-02  0.100000D+01
     11  0.404361D-01 -0.175230D-01 -0.900067D-01  0.646853D-01  0.255563D+00
     12  0.301434D-02  0.118210D-01 -0.674689D-02  0.484880D-02  0.000000D+00
     13  0.154832D-01 -0.674689D-02 -0.215209D-01  0.249059D-01  0.000000D+00
     14 -0.111273D-01  0.484880D-02  0.249059D-01 -0.476463D-02  0.000000D+00
     15  0.211986D+00 -0.662318D-01 -0.340200D+00  0.244492D+00  0.507038D-01
     16  0.377329D-01  0.152117D+00 -0.631705D-01  0.453989D-01  0.000000D+00
     17  0.193815D+00 -0.631705D-01 -0.160060D+00  0.233191D+00  0.000000D+00
     18 -0.139290D+00  0.453989D-01  0.233191D+00 -0.317276D-02  0.000000D+00
     19  0.395380D+00 -0.763579D-01 -0.392212D+00  0.281872D+00  0.331322D-01
     20  0.895918D-01  0.373080D+00 -0.888741D-01  0.638713D-01  0.000000D+00
     21  0.460188D+00 -0.888741D-01 -0.661193D-01  0.328075D+00  0.000000D+00
     22 -0.330725D+00  0.638713D-01  0.328075D+00  0.154604D+00  0.000000D+00
     23  0.510394D-01  0.110745D+00  0.208037D-01 -0.738930D-02  0.000000D+00
     24  0.277042D+00  0.482899D+00  0.907134D-01 -0.322206D-01  0.000000D+00
     25 -0.207511D+00 -0.188084D+00 -0.701738D-01  0.249251D-01  0.000000D+00
     26 -0.389812D-01 -0.701738D-01  0.172294D+00  0.468223D-02  0.000000D+00
     27  0.138458D-01  0.249251D-01  0.468223D-02  0.183813D+00  0.000000D+00
     28  0.521665D+00  0.583639D+00  0.109638D+00 -0.389423D-01  0.432281D-03
     29 -0.583639D+00 -0.131311D+00 -0.122663D+00  0.435687D-01 -0.116067D-02
     30 -0.109638D+00 -0.122663D+00  0.498623D+00  0.818446D-02 -0.119569D-02
     31  0.389423D-01  0.435687D-01  0.818446D-02  0.518758D+00  0.793546D-03
     32  0.453773D-01  0.109765D+00  0.654884D-01 -0.403621D-01  0.000000D+00
     33  0.202766D+00  0.291559D+00  0.173952D+00 -0.107211D+00  0.785679D-05
     34  0.419397D-02  0.146526D-01 -0.470789D-02  0.443085D-02  0.000000D+00
     35  0.368762D-01  0.104373D+00 -0.335350D-01  0.315616D-01  0.000000D+00
     36 -0.421532D-01 -0.984776D-01  0.391574D-01 -0.368532D-01  0.000000D+00
     37  0.135438D-01  0.391574D-01  0.108129D-01  0.118409D-01  0.000000D+00
     38 -0.127468D-01 -0.368532D-01  0.118409D-01  0.122500D-01  0.000000D+00
     39  0.143791D+00  0.259092D+00 -0.832464D-01  0.783476D-01  0.440652D-03
     40 -0.259092D+00 -0.323059D+00  0.149999D+00 -0.141172D+00 -0.178254D-02
     41  0.832464D-01  0.149999D+00  0.955959D-01  0.453586D-01 -0.526392D-03
     42 -0.783476D-01 -0.141172D+00  0.453586D-01  0.101101D+00  0.265278D-03
     43  0.232402D-02  0.536341D-02 -0.621057D-02  0.487637D-02  0.000000D+00
     44  0.228499D-01  0.427842D-01 -0.495421D-01  0.388992D-01  0.398385D-04
     45 -0.170864D-01 -0.182610D-01  0.377674D-01 -0.296540D-01 -0.156145D-03
     46  0.197852D-01  0.377674D-01 -0.293782D-01  0.343379D-01  0.219402D-04
     47 -0.155348D-01 -0.296540D-01  0.343379D-01 -0.126065D-01 -0.258482D-04
     48  0.106047D+00  0.126228D+00 -0.146166D+00  0.114766D+00  0.513820D-02
     49 -0.126228D+00 -0.442020D-01  0.173981D+00 -0.136605D+00 -0.145276D-01
     50  0.146166D+00  0.173981D+00 -0.954151D-01  0.158183D+00  0.204130D-02
     51 -0.114766D+00 -0.136605D+00  0.158183D+00 -0.181539D-01 -0.240490D-02
     52  0.713379D-05  0.391935D-04 -0.110268D-04  0.148843D-04  0.000000D+00
     53  0.109378D-02  0.358996D-02 -0.101001D-02  0.136334D-02  0.000000D+00
     54  0.127730D-04  0.754740D-04 -0.121822D-04  0.139675D-04  0.000000D+00
     55  0.328544D-03  0.158820D-02 -0.256351D-03  0.293918D-03  0.000000D+00
     56 -0.595264D-03 -0.270636D-02  0.468345D-03 -0.536979D-03  0.000000D+00
     57  0.960814D-04  0.468345D-03  0.119639D-03  0.866736D-04  0.000000D+00
     58 -0.110162D-03 -0.536979D-03  0.866736D-04  0.958592D-04  0.000000D+00
     59  0.723804D-02  0.220686D-01 -0.356208D-02  0.408408D-02  0.000000D+00
     60 -0.220686D-01 -0.600484D-01  0.108607D-01 -0.124523D-01 -0.356514D-05
     61  0.356208D-02  0.108607D-01  0.548501D-02  0.200992D-02  0.000000D+00
     62 -0.408408D-02 -0.124523D-01  0.200992D-02  0.493358D-02  0.000000D+00
     63  0.450377D-05  0.240825D-04 -0.133006D-04 -0.471140D-05  0.000000D+00
     64  0.830989D-03  0.265479D-02 -0.146622D-02 -0.519372D-03  0.000000D+00
     65  0.000000D+00  0.000000D+00  0.000000D+00  0.000000D+00  0.000000D+00
     66  0.000000D+00  0.487181D-05 -0.123049D-05  0.000000D+00  0.000000D+00
     67  0.454561D-03  0.109429D-02 -0.151560D-02  0.117182D-02  0.000000D+00
     68  0.130661D-01  0.187647D-01 -0.259892D-01  0.200942D-01  0.750248D-03
     69  0.000000D+00  0.187054D-05  0.000000D+00  0.000000D+00  0.000000D+00
     70  0.139888D-04  0.791462D-04 -0.209621D-04 -0.117105D-04  0.000000D+00
     71 -0.290081D-04 -0.156715D-03  0.436650D-04  0.243935D-04  0.000000D+00
     72  0.768286D-05  0.436650D-04 -0.341427D-05 -0.646068D-05  0.000000D+00
     73  0.429204D-05  0.243935D-04 -0.646068D-05  0.454126D-05  0.000000D+00
     74  0.991483D-03  0.352873D-02 -0.934593D-03 -0.522111D-03  0.000000D+00
     75 -0.352873D-02 -0.115674D-01  0.332626D-02  0.185822D-02  0.000000D+00
     76  0.934593D-03  0.332626D-02  0.110515D-03 -0.492153D-03  0.000000D+00
     77  0.522111D-03  0.185822D-02 -0.492153D-03  0.716541D-03  0.000000D+00
     78  0.000000D+00  0.000000D+00  0.000000D+00  0.000000D+00  0.000000D+00
     79  0.000000D+00  0.000000D+00  0.000000D+00  0.000000D+00  0.000000D+00
     80  0.000000D+00  0.000000D+00  0.000000D+00  0.000000D+00  0.000000D+00
     81  0.000000D+00  0.000000D+00  0.000000D+00  0.000000D+00  0.000000D+00
     82  0.000000D+00  0.000000D+00  0.000000D+00  0.000000D+00  0.000000D+00
     83  0.504028D-05  0.243856D-04 -0.427240D-05 -0.261900D-05  0.000000D+00
     84 -0.243856D-04 -0.112940D-03  0.206705D-04  0.126711D-04  0.000000D+00
     85  0.427240D-05  0.206705D-04  0.141876D-05 -0.222000D-05  0.000000D+00
     86  0.261900D-05  0.126711D-04 -0.222000D-05  0.367941D-05  0.000000D+00
